Andreas V.Jonsterhaug og Morten Sørensen 2022-11-22 13:54:26.683424

1 10.249819644450326 0.05401158332824707
1 10.240011012410832 0.08392095565795898
1 10.207248846891162 0.14451813697814941
1 10.197373489463644 0.20364594459533691
1 10.122307427936903 0.23454618453979492
1 10.132116059976397 0.26509833335876465
1 10.058851583926298 0.3271138668060303
1 10.053446827496373 0.38646602630615234
1 10.033829563417385 0.41593241691589355
1 9.965035688364878 0.47794532775878906
1 9.958363149562501 0.5077223777770996
1 9.919128621404525 0.5366942882537842
1 9.945351698897866 0.599259614944458
1 9.892972269299207 0.6572847366333008
1 9.86027682916756 0.6887373924255371
1 9.79141622872703 0.7184121608734131
1 9.766327482830093 0.7791178226470947
1 9.7225556282865 0.8404111862182617
1 9.732364260325994 0.871781587600708
1 9.650625659996876 0.9307384490966797
1 9.640883753345406 0.9619331359863281
1 9.621066313102347 1.0229411125183105
1 9.647289390595688 1.0522639751434326
1 9.578562240931205 1.1133556365966797
1 9.549203070200747 1.143585205078125
1 9.526182811332546 1.2039291858673096
1 9.484879796145833 1.265357255935669
1 9.44110794160224 1.2938857078552246
1 9.44110794160224 1.3267865180969238
1 9.36250543451024 1.384626865386963
1 9.39206478140477 1.447084665298462
1 9.319000481518742 1.5060904026031494
1 9.385458967990417 1.5375735759735107
1 9.264352388727275 1.5673396587371826
1 9.279632502584718 1.627610445022583
1 9.22832067919444 1.6582214832305908
1 9.225117860569299 1.7188220024108887
1 9.152987716115604 1.7811219692230225
1 9.162863073543122 1.8094334602355957
1 9.096137685519352 1.8699498176574707
1 9.107214099931298 1.900451421737671
1 9.061373758358968 1.9623167514801025
1 9.048228856918286 2.0235815048217773
1 9.005724784747144 2.05412220954895
1 8.985907344504085 2.083325147628784
1 8.958816836966434 2.1437759399414062
1 8.930458547056332 2.2058327198028564
1 8.849654102159548 2.2648706436157227
1 8.858395127990661 2.295090675354004
1 8.816825211251853 2.356041431427002
1 8.789734703714203 2.3865818977355957
1 8.792937522339344 2.4473302364349365
1 8.766647719457978 2.5086967945098877
1 8.730682735313167 2.537733554840088
1 8.709931139637774 2.5987372398376465
1 8.66842794828699 2.6271417140960693
1 8.666292735870229 2.6904096603393555
1 8.583353078556684 2.7198946475982666
1 8.56807296469924 2.7801594734191895
1 8.57354444651719 2.841862201690674
1 8.517895472905366 2.8710265159606934
1 8.528704985765216 2.9317965507507324
1 8.514692654280225 2.962299108505249
1 8.51335814651975 3.0215344429016113
1 8.462246499293542 3.0838029384613037
1 8.452504592642072 3.1448049545288086
1 8.403394707056577 3.174799919128418
1 8.367362997523742 3.2352776527404785
1 8.373968810938095 3.264833927154541
1 8.349747495085467 3.3251702785491943
1 8.301705215708353 3.385871410369873
1 8.288760490431741 3.4461729526519775
1 8.29529957845807 3.4761576652526855
1 8.29529957845807 3.5384464263916016
1 8.210224708727765 3.5687410831451416
1 8.210157983339741 3.6271984577178955
1 8.15437555895187 3.660205841064453
1 8.133824139440549 3.719062328338623
1 8.108735393543611 3.7799947261810303
1 8.114073424585513 3.8402955532073975
1 8.031200492659991 3.901327610015869
1 8.046480606517434 3.9308958053588867
1 8.009448016164242 3.9929609298706055
1 8.049683425142575 4.021547794342041
1 7.948194109958422 4.082904577255249
1 7.935182659293787 4.142966985702515
1 7.915498669826775 4.2040486335754395
1 7.866322058853257 4.234612941741943
1 7.847705675594625 4.295496463775635
1 7.860917302423331 4.355633735656738
1 7.77804437049781 4.385628700256348
1 7.793257758967229 4.447777986526489
1 7.800864453201939 4.507582426071167
1 7.769236619278672 4.5369040966033936
1 7.738809842339833 4.598440408706665
1 7.701710526598617 4.6591479778289795
1 7.69290277537948 4.7208476066589355
1 7.6241089003269735 4.749068021774292
1 7.61643548070424 4.8104870319366455
1 7.614300268287479 4.872444152832031
1 7.56845992671515 4.901612043380737
1 7.579469615739072 4.963803768157959
1 7.555248299886443 5.023388385772705
1 7.566257988910365 5.083170652389526
1 7.492192808203981 5.1450746059417725
1 7.489990870399197 5.17531681060791
1 7.47003997938009 5.235049724578857
1 7.415592062752694 5.296796798706055
1 7.385098560425831 5.326048374176025
1 7.389435710647376 5.387556552886963
1 7.334854343243933 5.446843385696411
1 7.319640954774513 5.478030681610107
1 7.317505742357753 5.53906774520874
1 7.295619815085956 5.599051475524902
1 7.2573861677483364 5.658766269683838
1 7.2498461989016505 5.719112157821655
1 7.212746883160435 5.779969930648804
1 7.1821199300575245 5.8119895458221436
1 7.140550013318716 5.873523235321045
1 7.140683464094764 5.933287858963013
1 7.099180272743979 5.993451356887817
1 7.090239070748794 6.024120330810547
1 7.081564770305704 6.083994150161743
1 7.068620045029093 6.144598960876465
1 7.024981641261547 6.206638336181641
1 7.007633040375367 6.2651448249816895
1 6.961725973415014 6.326805353164673
1 6.942108709336026 6.388113975524902
1 6.8972692485840525 6.416780233383179
1 6.8917977667661035 6.479288339614868
1 6.872180502687115 6.538976430892944
1 6.848159362998558 6.598474979400635
1 6.877651984505064 6.6298439502716064
1 6.850428026191366 6.692137002944946
1 6.800117083621444 6.751042604446411
1 6.793577995595115 6.812010765075684
1 6.7499395918275695 6.842193126678467
1 6.750073042603617 6.904206275939941
1 6.710705063669593 6.962520360946655
1 6.67347229715233 7.023780822753906
1 6.667066659902048 7.085169315338135
1 6.63223600735364 7.145243406295776
1 6.651719820656581 7.206024169921875
1 6.627698680968024 7.265228271484375
1 6.566578225538251 7.327085494995117
1 6.557903925095161 7.387502431869507
1 6.5186693969371845 7.417123317718506
1 6.484706174433086 7.477964639663696
1 6.4706271175600705 7.538276433944702
1 6.477032754810352 7.601255416870117
1 6.433394351042807 7.659815788269043
1 6.411641874547058 7.720277786254883
1 6.440066889845184 7.780673980712891
1 6.403034299491992 7.8122148513793945
1 6.3765443204465555 7.873016834259033
1 6.361464382753184 7.933769702911377
1 6.341847118674195 7.994770765304565
1 6.291536176104273 8.05450963973999
1 6.284997088077944 8.11416244506836
1 6.247897772336728 8.174458503723145
1 6.254436860363057 8.236629486083984
1 6.2326843838673085 8.29611873626709
1 6.235887202492449 8.327310562133789
1 6.22828050825774 8.388419151306152
1 6.195451617350045 8.448275566101074
1 6.167160052827967 8.508273124694824
1 6.141003700722649 8.568965196609497
1 6.11711601181014 8.63114881515503
1 6.088557545735966 8.690420389175415
1 6.075479369683308 8.75237250328064
1 6.077614582100068 8.812920808792114
1 6.04932301757799 8.873672246932983
1 6.055862105604319 8.934181213378906
1 6.025301877889433 8.995263576507568
1 6.012223701836774 9.055061340332031
1 5.975124386095558 9.115097284317017
1 5.950969795630954 9.174743175506592
1 5.935756407161534 9.23739242553711
1 5.920676469468162 9.296885251998901
1 5.88557891536766 9.358397722244263
1 5.868096863705432 9.417838335037231
1 5.872634190091048 9.478520393371582
1 5.842941392420471 9.508419036865234
1 5.855018687652773 9.569878816604614
1 5.816818403009165 9.661515712738037
1 5.796033444639761 9.721583366394043
1 5.7721457557272515 9.781145811080933
1 5.737315103178844 9.84384298324585
1 5.704352761495102 9.90230417251587
1 5.717564388323808 9.964812517166138
